Overall Herfindahl Indices
CNTK-Microsoft                	0.0641941386711
Theano-Theano                 	0.0631636985459
caffe-BVLC                    	0.134573153919
deeplearning4j-deeplearning4j 	0.15258423672
incubator-systemml            	0.146836143603
tensorflow-tensorflow         	0.138899395601
torch7-torch                  	0.138135515907

Per Year
CNTK-Microsoft
	2008		0
	2009		0
	2010		0
	2011		0
	2012		0
	2013		0
	2014		0.255564468816
	2015		0.180567449984
	2016		0.0512142449923

Theano-Theano
	2008		0.20118245475
	2009		0.216632954957
	2010		0.239904216019
	2011		0.134093180434
	2012		0.115932194143
	2013		0.227408946167
	2014		0.131961469262
	2015		0.0709842034302
	2016		0.0914970020724

caffe-BVLC
	2008		0
	2009		0
	2010		0
	2011		0
	2012		0
	2013		0.854073667998
	2014		0.164473851443
	2015		0.134247066201
	2016		0.151040686514

deeplearning4j-deeplearning4j
	2008		0
	2009		0
	2010		0
	2011		0
	2012		0
	2013		0.974687705457
	2014		0.811957210691
	2015		0.184407497845
	2016		0.253330789237

incubator-systemml
	2008		0
	2009		0
	2010		0
	2011		0
	2012		0.129042057121
	2013		0.373310592393
	2014		0.387697049183
	2015		0.197597149798
	2016		0.263415201956

tensorflow-tensorflow
	2008		0
	2009		0
	2010		0
	2011		0
	2012		0
	2013		0
	2014		0
	2015		0.190361669662
	2016		0.146615145269

torch7-torch
	2008		0
	2009		0
	2010		0
	2011		0
	2012		0.313210185887
	2013		0.155475206612
	2014		0.147729615262
	2015		0.213892024703
	2016		0.244996111173


Per Month
CNTK-Microsoft
	2008 1		0
	2008 2		0
	2008 3		0
	2008 4		0
	2008 5		0
	2008 6		0
	2008 7		0
	2008 8		0
	2008 9		0
	2008 10		0
	2008 11		0
	2008 12		0
	2009 1		0
	2009 2		0
	2009 3		0
	2009 4		0
	2009 5		0
	2009 6		0
	2009 7		0
	2009 8		0
	2009 9		0
	2009 10		0
	2009 11		0
	2009 12		0
	2010 1		0
	2010 2		0
	2010 3		0
	2010 4		0
	2010 5		0
	2010 6		0
	2010 7		0
	2010 8		0
	2010 9		0
	2010 10		0
	2010 11		0
	2010 12		0
	2011 1		0
	2011 2		0
	2011 3		0
	2011 4		0
	2011 5		0
	2011 6		0
	2011 7		0
	2011 8		0
	2011 9		0
	2011 10		0
	2011 11		0
	2011 12		0
	2012 1		0
	2012 2		0
	2012 3		0
	2012 4		0
	2012 5		0
	2012 6		0
	2012 7		0
	2012 8		0
	2012 9		0
	2012 10		0
	2012 11		0
	2012 12		0
	2013 1		0
	2013 2		0
	2013 3		0
	2013 4		0
	2013 5		0
	2013 6		0
	2013 7		0
	2013 8		0
	2013 9		0
	2013 10		0
	2013 11		0
	2013 12		0
	2014 1		0
	2014 2		0
	2014 3		0
	2014 4		0
	2014 5		0
	2014 6		0
	2014 7		1.0
	2014 8		0.5
	2014 9		0.203888888889
	2014 10		0.439887152778
	2014 11		0.405405405405
	2014 12		0.207756232687
	2015 1		0.151577503429
	2015 2		0.23988418897
	2015 3		0.263794406652
	2015 4		0.33398263128
	2015 5		0.198147506925
	2015 6		0.112396694215
	2015 7		0.1302677747
	2015 8		0.420820277464
	2015 9		0.475283400967
	2015 10		0.370859183627
	2015 11		0.223968253968
	2015 12		0.259177432704
	2016 1		0.115256308627
	2016 2		0.100533288107
	2016 3		0.0776976979586
	2016 4		0.0835477211863
	2016 5		0.086171875
	2016 6		0.103093622665
	2016 7		0.0750011138338
	2016 8		0.152804788638
	2016 9		0.0770031217482
	2016 10		0.0717583150425
	2016 11		0.0643969780055

Theano-Theano
	2008 1		0.379188712522
	2008 2		0.420744844568
	2008 3		0.290406467296
	2008 4		0.26759241884
	2008 5		0.403298176097
	2008 6		0.353305785124
	2008 7		0.218934911243
	2008 8		0.401709401709
	2008 9		0.263702706899
	2008 10		0.457807041118
	2008 11		0.361994459834
	2008 12		0.493544356518
	2009 1		0.22372528616
	2009 2		0.244598765432
	2009 3		0.167790970972
	2009 4		0.270849080373
	2009 5		0.238333333333
	2009 6		0.351666666667
	2009 7		0.242728531856
	2009 8		0.402139917695
	2009 9		0.544435627852
	2009 10		0.478176652893
	2009 11		0.676876179416
	2009 12		0.41943359375
	2010 1		0.245106382979
	2010 2		0.251478420569
	2010 3		0.246643942263
	2010 4		0.414428799535
	2010 5		0.392774627179
	2010 6		0.300388313609
	2010 7		0.391824330948
	2010 8		0.34168241966
	2010 9		0.576291152582
	2010 10		0.562655749377
	2010 11		0.18107421875
	2010 12		0.343671237558
	2011 1		0.262279311906
	2011 2		0.424406497293
	2011 3		0.266702275845
	2011 4		0.261773191843
	2011 5		0.317189723214
	2011 6		0.273691752959
	2011 7		0.247136578483
	2011 8		0.237849502721
	2011 9		0.158595918367
	2011 10		0.150615243343
	2011 11		0.146469682979
	2011 12		0.209607806343
	2012 1		0.169050220647
	2012 2		0.196341087875
	2012 3		0.184318043985
	2012 4		0.226433367769
	2012 5		0.264860323461
	2012 6		0.208772476192
	2012 7		0.140390082645
	2012 8		0.213489349954
	2012 9		0.29504265928
	2012 10		0.124641592174
	2012 11		0.175879292404
	2012 12		0.110700728429
	2013 1		0.119667013528
	2013 2		0.182351716961
	2013 3		0.255020045167
	2013 4		0.135734072022
	2013 5		0.388636836629
	2013 6		0.403515375061
	2013 7		0.391581632653
	2013 8		0.29793398841
	2013 9		0.314494321255
	2013 10		0.314693634741
	2013 11		0.335921764663
	2013 12		0.370208803059
	2014 1		0.26354107276
	2014 2		0.181844897959
	2014 3		0.194627980465
	2014 4		0.265260298778
	2014 5		0.157914951989
	2014 6		0.163600713498
	2014 7		0.197530864198
	2014 8		0.104270149015
	2014 9		0.118709852704
	2014 10		0.153260027164
	2014 11		0.130085699446
	2014 12		0.11121278847
	2015 1		0.0831981251127
	2015 2		0.140024027002
	2015 3		0.0850224996371
	2015 4		0.0951548808776
	2015 5		0.10679666457
	2015 6		0.0886975778547
	2015 7		0.1455488
	2015 8		0.145484830458
	2015 9		0.126444024365
	2015 10		0.130916145161
	2015 11		0.114876109467
	2015 12		0.100227149811
	2016 1		0.0990035545714
	2016 2		0.106872443331
	2016 3		0.0856800696763
	2016 4		0.124375
	2016 5		0.221330510211
	2016 6		0.0803831736776
	2016 7		0.108280254777
	2016 8		0.0982182675359
	2016 9		0.159689744326
	2016 10		0.15967758392
	2016 11		0.0841505968779

caffe-BVLC
	2008 1		0
	2008 2		0
	2008 3		0
	2008 4		0
	2008 5		0
	2008 6		0
	2008 7		0
	2008 8		0
	2008 9		0
	2008 10		0
	2008 11		0
	2008 12		0
	2009 1		0
	2009 2		0
	2009 3		0
	2009 4		0
	2009 5		0
	2009 6		0
	2009 7		0
	2009 8		0
	2009 9		0
	2009 10		0
	2009 11		0
	2009 12		0
	2010 1		0
	2010 2		0
	2010 3		0
	2010 4		0
	2010 5		0
	2010 6		0
	2010 7		0
	2010 8		0
	2010 9		0
	2010 10		0
	2010 11		0
	2010 12		0
	2011 1		0
	2011 2		0
	2011 3		0
	2011 4		0
	2011 5		0
	2011 6		0
	2011 7		0
	2011 8		0
	2011 9		0
	2011 10		0
	2011 11		0
	2011 12		0
	2012 1		0
	2012 2		0
	2012 3		0
	2012 4		0
	2012 5		0
	2012 6		0
	2012 7		0
	2012 8		0
	2012 9		0
	2012 10		0
	2012 11		0
	2012 12		0
	2013 1		0
	2013 2		0
	2013 3		0
	2013 4		0
	2013 5		0
	2013 6		0
	2013 7		0
	2013 8		0
	2013 9		1.0
	2013 10		1.0
	2013 11		0.773533950617
	2013 12		0.233727810651
	2014 1		0.280666475151
	2014 2		0.171485260771
	2014 3		0.255328896605
	2014 4		0.298564765905
	2014 5		0.303173992909
	2014 6		0.204491374182
	2014 7		0.15866046832
	2014 8		0.195890548765
	2014 9		0.153275690429
	2014 10		0.131669302882
	2014 11		0.293552812071
	2014 12		0.156119817497
	2015 1		0.267308244757
	2015 2		0.230851921526
	2015 3		0.195745172852
	2015 4		0.0677551020408
	2015 5		0.136279585799
	2015 6		0.227173119065
	2015 7		0.102040816327
	2015 8		0.138706273841
	2015 9		0.132653061224
	2015 10		0.203856749311
	2015 11		0.120674740484
	2015 12		0.15306122449
	2016 1		0.177003168855
	2016 2		0.177934018388
	2016 3		0.372175980975
	2016 4		0.209141274238
	2016 5		0.141493055556
	2016 6		0.185185185185
	2016 7		0.156899810964
	2016 8		0.218934911243
	2016 9		0.3515625
	2016 10		0.358024691358
	2016 11		0.311385459534

deeplearning4j-deeplearning4j
	2008 1		0
	2008 2		0
	2008 3		0
	2008 4		0
	2008 5		0
	2008 6		0
	2008 7		0
	2008 8		0
	2008 9		0
	2008 10		0
	2008 11		0
	2008 12		0
	2009 1		0
	2009 2		0
	2009 3		0
	2009 4		0
	2009 5		0
	2009 6		0
	2009 7		0
	2009 8		0
	2009 9		0
	2009 10		0
	2009 11		0
	2009 12		0
	2010 1		0
	2010 2		0
	2010 3		0
	2010 4		0
	2010 5		0
	2010 6		0
	2010 7		0
	2010 8		0
	2010 9		0
	2010 10		0
	2010 11		0
	2010 12		0
	2011 1		0
	2011 2		0
	2011 3		0
	2011 4		0
	2011 5		0
	2011 6		0
	2011 7		0
	2011 8		0
	2011 9		0
	2011 10		0
	2011 11		0
	2011 12		0
	2012 1		0
	2012 2		0
	2012 3		0
	2012 4		0
	2012 5		0
	2012 6		0
	2012 7		0
	2012 8		0
	2012 9		0
	2012 10		0
	2012 11		0
	2012 12		0
	2013 1		0
	2013 2		0
	2013 3		0
	2013 4		0
	2013 5		0
	2013 6		0
	2013 7		0
	2013 8		0
	2013 9		0
	2013 10		0
	2013 11		0.5
	2013 12		1.0
	2014 1		1.0
	2014 2		0.873422222222
	2014 3		1.0
	2014 4		0.866370808679
	2014 5		1.0
	2014 6		0.723467565959
	2014 7		0.757184228113
	2014 8		0.512902695595
	2014 9		0.796782044348
	2014 10		1.0
	2014 11		0.805801248699
	2014 12		0.684493415748
	2015 1		0.477224251278
	2015 2		0.34612244898
	2015 3		0.455073305269
	2015 4		0.525377229081
	2015 5		0.347800237812
	2015 6		0.382412114657
	2015 7		0.26427235617
	2015 8		0.189423783932
	2015 9		0.42194214876
	2015 10		0.243463010204
	2015 11		0.275847529094
	2015 12		0.235641607331
	2016 1		0.261371723957
	2016 2		0.244953173777
	2016 3		0.283737024221
	2016 4		0.342587084407
	2016 5		0.341086191211
	2016 6		0.221897573249
	2016 7		0.269559097603
	2016 8		0.297121575559
	2016 9		0.317370242215
	2016 10		0.289645641294
	2016 11		0.314648183155

incubator-systemml
	2008 1		0
	2008 2		0
	2008 3		0
	2008 4		0
	2008 5		0
	2008 6		0
	2008 7		0
	2008 8		0
	2008 9		0
	2008 10		0
	2008 11		0
	2008 12		0
	2009 1		0
	2009 2		0
	2009 3		0
	2009 4		0
	2009 5		0
	2009 6		0
	2009 7		0
	2009 8		0
	2009 9		0
	2009 10		0
	2009 11		0
	2009 12		0
	2010 1		0
	2010 2		0
	2010 3		0
	2010 4		0
	2010 5		0
	2010 6		0
	2010 7		0
	2010 8		0
	2010 9		0
	2010 10		0
	2010 11		0
	2010 12		0
	2011 1		0
	2011 2		0
	2011 3		0
	2011 4		0
	2011 5		0
	2011 6		0
	2011 7		0
	2011 8		0
	2011 9		0
	2011 10		0
	2011 11		0
	2011 12		0
	2012 1		0.297777777778
	2012 2		0.25564803805
	2012 3		0.235625
	2012 4		0.208448117539
	2012 5		0.1625
	2012 6		0.164033323758
	2012 7		0.215290905272
	2012 8		0.147857142857
	2012 9		0.150173611111
	2012 10		0.179567685062
	2012 11		0.272802998751
	2012 12		0.315555555556
	2013 1		0.396193771626
	2013 2		0.230935640887
	2013 3		0.225
	2013 4		0.5
	2013 5		0.579604578564
	2013 6		0.36375
	2013 7		0.508875739645
	2013 8		0.492244897959
	2013 9		0.84
	2013 10		0.326515704894
	2013 11		0.24523339908
	2013 12		0.488456315075
	2014 1		0.813411078717
	2014 2		0.711805555556
	2014 3		0.381665449233
	2014 4		0.51867768595
	2014 5		0.561801446417
	2014 6		0.328741965106
	2014 7		0.333333333333
	2014 8		0.283366206443
	2014 9		0.446416831032
	2014 10		0.260951357162
	2014 11		0.403802625622
	2014 12		0.279421433268
	2015 1		0.5364
	2015 2		0.371031746032
	2015 3		0.203587278107
	2015 4		0.631235827664
	2015 5		0.532006666013
	2015 6		0.471906736374
	2015 7		0.34602661549
	2015 8		0.130827428206
	2015 9		0.379758136515
	2015 10		0.38694214876
	2015 11		0.316186556927
	2015 12		0.178824253616
	2016 1		0.400205761317
	2016 2		0.222790357925
	2016 3		0.568047337278
	2016 4		0.375836384295
	2016 5		0.143554137737
	2016 6		0.289795918367
	2016 7		0.379812695109
	2016 8		0.197907048323
	2016 9		0.272633744856
	2016 10		0.268229166667
	2016 11		0.20875

tensorflow-tensorflow
	2008 1		0
	2008 2		0
	2008 3		0
	2008 4		0
	2008 5		0
	2008 6		0
	2008 7		0
	2008 8		0
	2008 9		0
	2008 10		0
	2008 11		0
	2008 12		0
	2009 1		0
	2009 2		0
	2009 3		0
	2009 4		0
	2009 5		0
	2009 6		0
	2009 7		0
	2009 8		0
	2009 9		0
	2009 10		0
	2009 11		0
	2009 12		0
	2010 1		0
	2010 2		0
	2010 3		0
	2010 4		0
	2010 5		0
	2010 6		0
	2010 7		0
	2010 8		0
	2010 9		0
	2010 10		0
	2010 11		0
	2010 12		0
	2011 1		0
	2011 2		0
	2011 3		0
	2011 4		0
	2011 5		0
	2011 6		0
	2011 7		0
	2011 8		0
	2011 9		0
	2011 10		0
	2011 11		0
	2011 12		0
	2012 1		0
	2012 2		0
	2012 3		0
	2012 4		0
	2012 5		0
	2012 6		0
	2012 7		0
	2012 8		0
	2012 9		0
	2012 10		0
	2012 11		0
	2012 12		0
	2013 1		0
	2013 2		0
	2013 3		0
	2013 4		0
	2013 5		0
	2013 6		0
	2013 7		0
	2013 8		0
	2013 9		0
	2013 10		0
	2013 11		0
	2013 12		0
	2014 1		0
	2014 2		0
	2014 3		0
	2014 4		0
	2014 5		0
	2014 6		0
	2014 7		0
	2014 8		0
	2014 9		0
	2014 10		0
	2014 11		0
	2014 12		0
	2015 1		0
	2015 2		0
	2015 3		0
	2015 4		0
	2015 5		0
	2015 6		0
	2015 7		0
	2015 8		0
	2015 9		0
	2015 10		0
	2015 11		0.3636
	2015 12		0.169402470102
	2016 1		0.0979607529286
	2016 2		0.0947062150635
	2016 3		0.102053597562
	2016 4		0.170575802635
	2016 5		0.216737650984
	2016 6		0.196880697971
	2016 7		0.234962623697
	2016 8		0.21266432512
	2016 9		0.173618187968
	2016 10		0.216554261134
	2016 11		0.122867111401

torch7-torch
	2008 1		0
	2008 2		0
	2008 3		0
	2008 4		0
	2008 5		0
	2008 6		0
	2008 7		0
	2008 8		0
	2008 9		0
	2008 10		0
	2008 11		0
	2008 12		0
	2009 1		0
	2009 2		0
	2009 3		0
	2009 4		0
	2009 5		0
	2009 6		0
	2009 7		0
	2009 8		0
	2009 9		0
	2009 10		0
	2009 11		0
	2009 12		0
	2010 1		0
	2010 2		0
	2010 3		0
	2010 4		0
	2010 5		0
	2010 6		0
	2010 7		0
	2010 8		0
	2010 9		0
	2010 10		0
	2010 11		0
	2010 12		0
	2011 1		0
	2011 2		0
	2011 3		0
	2011 4		0
	2011 5		0
	2011 6		0
	2011 7		0
	2011 8		0
	2011 9		0
	2011 10		0
	2011 11		0
	2011 12		0
	2012 1		0.625
	2012 2		0.356335514575
	2012 3		0.564444444444
	2012 4		0.28
	2012 5		0.5
	2012 6		1.0
	2012 7		0.36
	2012 8		0.8828125
	2012 9		0.301775147929
	2012 10		0.555555555556
	2012 11		0.555555555556
	2012 12		0.411764705882
	2013 1		0.375
	2013 2		0.44
	2013 3		0.375
	2013 4		0.5
	2013 5		1.0
	2013 6		0.5
	2013 7		0.510204081633
	2013 8		0.5
	2013 9		0.5
	2013 10		0.305555555556
	2013 11		0.555555555556
	2013 12		1.0
	2014 1		1.0
	2014 2		0.278911564626
	2014 3		0.189750692521
	2014 4		0.413580246914
	2014 5		0.265625
	2014 6		0.21875
	2014 7		0.173469387755
	2014 8		0.68
	2014 9		0.333333333333
	2014 10		0.246913580247
	2014 11		0.315555555556
	2014 12		0.44
	2015 1		0.208163265306
	2015 2		0.357638888889
	2015 3		0.2928
	2015 4		0.252811328613
	2015 5		0.201171875
	2015 6		0.297520661157
	2015 7		0.245867768595
	2015 8		0.2096
	2015 9		0.245562130178
	2015 10		0.267466912896
	2015 11		0.220461747397
	2015 12		0.256235827664
	2016 1		0.3515625
	2016 2		0.234467455621
	2016 3		0.23156899811
	2016 4		0.375555555556
	2016 5		0.234693877551
	2016 6		0.2
	2016 7		0.382716049383
	2016 8		0.419501133787
	2016 9		0.251700680272
	2016 10		0.23629489603
	2016 11		0.367346938776

